314  318   23.03.2023

Muons 0-5 in the iron absorber.


     x               y             z         cos(teta_x)   cos(teta_y)   cos(teta_z)

0
 -6.825078e-02  2.462467e-02  3.000000e+01  2.155242e-04  7.013831e-05  1.000000e+00 
 -6.498099e-02  1.926540e-02  6.000000e+01  6.802860e-05  -4.205655e-04  9.999999e-01 
 -5.938744e-02  9.496374e-03  9.000000e+01  1.883868e-04  4.595572e-05  1.000000e+00 
 -4.678777e-02  1.746658e-02  1.200000e+02  7.643093e-04  7.761333e-05  9.999997e-01 
 -2.364722e-02  3.387482e-02  1.500000e+02  7.028929e-04  5.846147e-04  9.999996e-01 
 -3.688291e-04  4.508563e-02  1.800000e+02  5.494144e-04  3.491318e-04  9.999998e-01 
 1.169267e-02  6.302914e-02  2.100000e+02  2.892865e-04  3.942061e-04  9.999999e-01 
 2.599579e-02  7.015034e-02  2.400000e+02  5.441550e-04  1.503477e-04  9.999998e-01 
 4.450652e-02  7.442390e-02  2.700000e+02  8.819181e-04  3.498902e-05  9.999996e-01 
 7.298202e-02  7.473659e-02  3.000000e+02  1.100168e-03  -9.726831e-06  9.999994e-01 
 1.053737e-01  8.343069e-02  3.300000e+02  1.125340e-03  5.551301e-04  9.999992e-01 
 1.276043e-01  9.856274e-02  3.600000e+02  7.908697e-04  5.663326e-04  9.999995e-01 
 1.469439e-01  1.113600e-01  3.900000e+02  5.295431e-04  3.259345e-04  9.999998e-01 
 1.727452e-01  1.255594e-01  4.200000e+02  8.849722e-04  1.813399e-04  9.999996e-01 
 1.812186e-01  1.350298e-01  4.500000e+02  6.481075e-05  3.921310e-05  1.000000e+00 
 1.783195e-01  1.416609e-01  4.800000e+02  4.329677e-05  4.148582e-04  9.999999e-01 
 1.873172e-01  1.681579e-01  5.100000e+02  1.848962e-04  1.128688e-03  9.999993e-01 
 1.828063e-01  1.935580e-01  5.400000e+02  -3.558603e-04  7.283067e-04  9.999997e-01 
 1.809562e-01  2.073334e-01  5.700000e+02  -4.297769e-04  4.034195e-04  9.999998e-01 
 1.639058e-01  2.243437e-01  6.000000e+02  -5.274590e-04  7.469330e-04  9.999996e-01 
 1.603046e-01  2.391112e-01  6.300000e+02  3.700578e-04  3.672091e-04  9.999999e-01 
 1.735852e-01  2.496456e-01  6.600000e+02  7.889864e-04  4.019800e-04  9.999996e-01 
 1.974578e-01  2.497977e-01  6.900000e+02  5.659428e-04  -3.744790e-04  9.999998e-01 
 2.239237e-01  2.511375e-01  7.200000e+02  7.945748e-04  4.453993e-04  9.999996e-01 
 2.578126e-01  2.599406e-01  7.500000e+02  1.346083e-03  1.395357e-04  9.999991e-01 
 2.886233e-01  2.659384e-01  7.800000e+02  1.367880e-03  9.258584e-05  9.999991e-01 
 3.227065e-01  2.721484e-01  8.100000e+02  1.131571e-03  -4.205812e-05  9.999994e-01 
 3.520790e-01  2.797523e-01  8.400000e+02  8.537009e-04  6.101143e-04  9.999994e-01 
 3.689624e-01  2.968370e-01  8.700000e+02  5.300716e-04  5.326644e-04  9.999997e-01 
 3.958407e-01  3.148096e-01  9.000000e+02  8.806904e-04  4.354221e-04  9.999995e-01 
 4.083918e-01  3.200424e-01  9.300000e+02  1.553598e-04  2.406678e-04  1.000000e+00 
 4.092863e-01  3.269628e-01  9.600000e+02  3.521853e-05  6.387686e-05  1.000000e+00 
 3.886328e-01  3.279977e-01  9.900000e+02  -9.789160e-04  -3.040004e-04  9.999995e-01 
 3.599656e-01  3.158617e-01  1.020000e+03  -8.993189e-04  -4.037800e-04  9.999995e-01 
 3.335391e-01  3.017354e-01  1.050000e+03  -1.077733e-03  -7.624486e-04  9.999991e-01 
 3.045303e-01  2.685998e-01  1.080000e+03  -1.115931e-03  -1.466453e-03  9.999983e-01 
 2.748714e-01  2.162592e-01  1.110000e+03  -1.119804e-03  -1.782661e-03  9.999978e-01 
 2.387873e-01  1.713322e-01  1.140000e+03  -1.119866e-03  -1.104190e-03  9.999988e-01 
 1.992585e-01  1.403219e-01  1.170000e+03  -1.665880e-03  -1.099867e-03  9.999980e-01 
 1.457922e-01  1.078155e-01  1.200000e+03  -1.872256e-03  -1.372532e-03  9.999973e-01 
 8.937831e-02  7.766019e-02  1.230000e+03  -2.018470e-03  -1.071046e-03  9.999974e-01 
 2.842841e-02  5.236663e-02  1.260000e+03  -1.892254e-03  -1.094806e-03  9.999976e-01 
 -2.791646e-02  2.007614e-02  1.290000e+03  -1.772331e-03  -9.771514e-04  9.999980e-01 
 -8.005653e-02  1.133268e-03  1.320000e+03  -1.474022e-03  -6.505608e-04  9.999987e-01 
 -1.250074e-01  -6.557893e-03  1.350000e+03  -1.536300e-03  -1.426738e-04  9.999988e-01
 -1.751324e-01  -1.748594e-02  1.380000e+03  -1.574617e-03  -3.626868e-04  9.999987e-01
 -2.112479e-01  -2.051684e-02  1.410000e+03  -6.653729e-04  -3.512880e-04  9.999997e-01
 -2.317738e-01  -2.865126e-02  1.440000e+03  -9.215292e-04  -1.553439e-04  9.999996e-01
 -2.730206e-01  -3.917967e-02  1.470000e+03  -1.580880e-03  -3.917350e-04  9.999987e-01
 -3.152266e-01  -4.559975e-02  1.500000e+03  -1.632659e-03  -2.999905e-04  9.999986e-01
 -3.572515e-01  -4.599070e-02  1.530000e+03  -1.244863e-03  3.630314e-04  9.999992e-01 
 -4.010988e-01  -3.852014e-02  1.560000e+03  -1.335478e-03  3.070128e-04  9.999991e-01 
 -4.443661e-01  -2.526857e-02  1.590000e+03  -1.174711e-03  7.381942e-04  9.999990e-01 
 -4.912143e-01  -8.856169e-03  1.620000e+03  -1.240456e-03  2.213328e-04  9.999992e-01 
 -5.305134e-01  -1.356827e-02  1.650000e+03  -1.512061e-03  -3.234678e-04  9.999988e-01
 -5.769764e-01  -2.185426e-02  1.680000e+03  -1.449818e-03  -2.660729e-04  9.999989e-01
 -6.253596e-01  -3.107742e-02  1.710000e+03  -1.568283e-03  -2.161001e-05  9.999988e-01
 -6.633256e-01  -4.204107e-02  1.740000e+03  -1.352770e-03  -7.611690e-04  9.999988e-01
 -6.962911e-01  -6.486104e-02  1.770000e+03  -1.562703e-03  -4.416722e-04  9.999987e-01
 -7.347708e-01  -9.573523e-02  1.800000e+03  -1.263547e-03  -1.019112e-03  9.999987e-01
 -7.782782e-01  -1.261822e-01  1.830000e+03  -1.659628e-03  -1.212200e-03  9.999979e-01
 -8.221254e-01  -1.733220e-01  1.860000e+03  -1.590292e-03  -1.511189e-03  9.999976e-01
 -8.674379e-01  -2.182445e-01  1.890000e+03  -1.566674e-03  -1.559552e-03  9.999976e-01
 -9.108670e-01  -2.634480e-01  1.920000e+03  -1.558871e-03  -1.463226e-03  9.999977e-01
 -9.451227e-01  -3.133193e-01  1.950000e+03  -8.326279e-04  -1.667539e-03  9.999983e-01
 -9.715017e-01  -3.647908e-01  1.980000e+03  -1.071183e-03  -1.615281e-03  9.999981e-01
 -1.017429e+00  -4.152235e-01  2.010000e+03  -1.717705e-03  -1.665194e-03  9.999971e-01
 -1.065612e+00  -4.614067e-01  2.040000e+03  -1.677159e-03  -1.287134e-03  9.999978e-01
 -1.113470e+00  -4.927439e-01  2.070000e+03  -1.685434e-03  -8.854268e-04  9.999982e-01
 -1.166462e+00  -5.155719e-01  2.100000e+03  -1.922306e-03  -7.969567e-04  9.999978e-01
 -1.223047e+00  -5.467657e-01  2.130000e+03  -1.798936e-03  -8.381634e-04  9.999980e-01
 -1.282830e+00  -5.615031e-01  2.160000e+03  -2.148260e-03  -4.457446e-04  9.999976e-01
 -1.347978e+00  -5.774871e-01  2.190000e+03  -2.205414e-03  -5.052103e-04  9.999974e-01
 -1.403318e+00  -5.845076e-01  2.220000e+03  -1.563395e-03  -2.566947e-04  9.999987e-01
 -1.443249e+00  -5.860874e-01  2.250000e+03  -1.147669e-03  4.340375e-05  9.999993e-01 
 -1.476560e+00  -5.924149e-01  2.280000e+03  -1.113097e-03  -4.567218e-04  9.999993e-01
 -1.522719e+00  -6.100935e-01  2.310000e+03  -1.903464e-03  -3.474759e-04  9.999981e-01
 -1.577920e+00  -6.369990e-01  2.340000e+03  -1.948763e-03  -1.353138e-03  9.999972e-01
 -1.645634e+00  -6.658701e-01  2.370000e+03  -2.581416e-03  -8.365868e-04  9.999963e-01
 -1.724267e+00  -7.000081e-01  2.400000e+03  -2.859848e-03  -1.423140e-03  9.999949e-01
 -1.812020e+00  -7.469709e-01  2.430000e+03  -3.062700e-03  -1.540463e-03  9.999941e-01
 -1.898493e+00  -7.952554e-01  2.460000e+03  -2.613131e-03  -1.801856e-03  9.999950e-01
 -1.968063e+00  -8.421194e-01  2.490000e+03  -2.158671e-03  -1.521149e-03  9.999965e-01
 -2.030978e+00  -8.934908e-01  2.520000e+03  -1.866718e-03  -1.943002e-03  9.999964e-01
 -2.088163e+00  -9.529539e-01  2.550000e+03  -2.141219e-03  -1.957896e-03  9.999958e-01
 -2.148655e+00  -1.013520e+00  2.580000e+03  -1.891766e-03  -1.839831e-03  9.999965e-01
 -2.210092e+00  -1.060077e+00  2.610000e+03  -2.085625e-03  -1.322097e-03  9.999970e-01
 -2.277687e+00  -1.083930e+00  2.640000e+03  -2.282527e-03  -3.382021e-04  9.999973e-01
 -2.354124e+00  -1.087049e+00  2.670000e+03  -2.701097e-03  -2.484070e-05  9.999964e-01
 -2.435928e+00  -1.098152e+00  2.700000e+03  -2.264223e-03  -5.706617e-04  9.999973e-01
 -2.507323e+00  -1.118821e+00  2.730000e+03  -2.271848e-03  -4.846887e-04  9.999973e-01
 -2.577341e+00  -1.127266e+00  2.760000e+03  -2.802716e-03  1.284470e-04  9.999961e-01 
 -2.654411e+00  -1.122020e+00  2.790000e+03  -2.099074e-03  7.144697e-05  9.999978e-01 
 -2.701686e+00  -1.124717e+00  2.820000e+03  -1.177582e-03  -2.501511e-04  9.999993e-01
 -2.722042e+00  -1.144295e+00  2.850000e+03  -5.573476e-04  -1.070331e-03  9.999993e-01
 -2.740122e+00  -1.174145e+00  2.880000e+03  -1.943966e-04  -1.157583e-03  9.999993e-01
 -2.744492e+00  -1.205843e+00  2.910000e+03  -8.071544e-06  -8.462127e-04  9.999996e-01
 -2.749534e+00  -1.229365e+00  2.940000e+03  -7.639542e-05  -3.765447e-04  9.999999e-01
 -2.757588e+00  -1.240145e+00  2.970000e+03  -4.285307e-04  -2.155024e-04  9.999999e-01
 -2.757598e+00  -1.256380e+00  3.000000e+03  1.223866e-05  -4.458778e-04  9.999999e-01 

1
 6.660665e-02  1.384101e-02  3.000000e+01  -3.586449e-04  -1.728851e-04  9.999999e-01 
 5.358011e-02  5.994723e-03  6.000000e+01  -4.676616e-04  -4.099678e-04  9.999998e-01 
 3.821768e-02  -1.820814e-03  9.000000e+01  -8.279127e-04  1.270489e-04  9.999996e-01 
 1.151111e-02  3.047359e-03  1.200000e+02  -8.938189e-04  3.919326e-04  9.999995e-01 
 -2.038451e-02  2.117814e-02  1.500000e+02  -1.164896e-03  4.922736e-04  9.999992e-01 
 -6.048981e-02  3.984437e-02  1.800000e+02  -1.555214e-03  6.506038e-04  9.999986e-01 
 -1.132645e-01  5.908864e-02  2.100000e+02  -1.813657e-03  6.637823e-04  9.999981e-01 
 -1.709195e-01  8.025579e-02  2.400000e+02  -2.003448e-03  7.899867e-04  9.999977e-01 
 -2.373629e-01  1.024082e-01  2.700000e+02  -2.417852e-03  5.501045e-04  9.999969e-01 
 -3.136725e-01  1.203433e-01  3.000000e+02  -2.645828e-03  2.874349e-04  9.999965e-01 
 -3.965114e-01  1.276828e-01  3.300000e+02  -2.898543e-03  1.493192e-04  9.999958e-01 
 -4.793801e-01  1.221603e-01  3.600000e+02  -2.778450e-03  -3.337320e-04  9.999961e-01
 -5.667812e-01  1.041157e-01  3.900000e+02  -3.003619e-03  -6.819412e-04  9.999953e-01
 -6.622102e-01  8.450934e-02  4.200000e+02  -3.341909e-03  -8.835229e-04  9.999940e-01
 -7.616535e-01  5.834174e-02  4.500000e+02  -3.235742e-03  -5.760075e-04  9.999946e-01
 -8.628583e-01  3.904376e-02  4.800000e+02  -3.567870e-03  -4.743017e-04  9.999935e-01
 -9.719672e-01  3.398201e-02  5.100000e+02  -3.778728e-03  1.754536e-04  9.999928e-01 
 -1.083134e+00  4.367517e-02  5.400000e+02  -3.716918e-03  2.350099e-04  9.999931e-01 
 -1.187073e+00  4.869965e-02  5.700000e+02  -3.187553e-03  1.470457e-04  9.999949e-01 
 -1.287887e+00  5.079516e-02  6.000000e+02  -3.461749e-03  2.955595e-05  9.999940e-01 
 -1.396354e+00  5.414716e-02  6.300000e+02  -3.656486e-03  1.274172e-04  9.999933e-01 
 -1.500517e+00  5.640934e-02  6.600000e+02  -3.371891e-03  2.002145e-04  9.999943e-01 
 -1.603360e+00  7.664348e-02  6.900000e+02  -3.537311e-03  1.039184e-03  9.999932e-01 
 -1.711704e+00  1.052754e-01  7.200000e+02  -3.336551e-03  8.990450e-04  9.999940e-01 
 -1.813329e+00  1.277877e-01  7.500000e+02  -3.506753e-03  4.981908e-04  9.999937e-01 
 -1.919922e+00  1.387454e-01  7.800000e+02  -3.487620e-03  4.544910e-04  9.999938e-01 
 -2.032772e+00  1.452690e-01  8.100000e+02  -3.789506e-03  1.068781e-04  9.999928e-01 
 -2.147640e+00  1.489669e-01  8.400000e+02  -3.761804e-03  -5.142627e-05  9.999929e-01
 -2.251236e+00  1.486830e-01  8.700000e+02  -3.220422e-03  2.546518e-04  9.999948e-01 
 -2.345574e+00  1.553813e-01  9.000000e+02  -3.159312e-03  4.559698e-04  9.999949e-01 
 -2.443468e+00  1.642747e-01  9.300000e+02  -3.101535e-03  4.515312e-04  9.999951e-01 
 -2.544099e+00  1.855541e-01  9.600000e+02  -3.269032e-03  7.889915e-04  9.999943e-01 
 -2.643730e+00  2.168235e-01  9.900000e+02  -3.458313e-03  1.139474e-03  9.999934e-01 
 -2.747290e+00  2.544885e-01  1.020000e+03  -3.579033e-03  1.435651e-03  9.999926e-01 
 -2.855160e+00  2.992687e-01  1.050000e+03  -3.705322e-03  1.639718e-03  9.999918e-01 
 -2.970536e+00  3.419449e-01  1.080000e+03  -4.075372e-03  1.551240e-03  9.999905e-01 
 -3.097149e+00  3.870520e-01  1.110000e+03  -4.335252e-03  1.614113e-03  9.999893e-01 
 -3.229010e+00  4.451113e-01  1.140000e+03  -4.465627e-03  2.041442e-03  9.999879e-01 
 -3.363848e+00  5.046640e-01  1.170000e+03  -4.518186e-03  1.952544e-03  9.999879e-01 
 -3.504581e+00  5.609515e-01  1.200000e+03  -5.027819e-03  1.583314e-03  9.999861e-01 
 -3.651513e+00  6.057077e-01  1.230000e+03  -4.847242e-03  1.401152e-03  9.999873e-01 
 -3.797413e+00  6.481580e-01  1.260000e+03  -4.588512e-03  1.356893e-03  9.999886e-01 
 -3.938635e+00  6.905942e-01  1.290000e+03  -4.516316e-03  1.246811e-03  9.999890e-01 
 -4.068927e+00  7.281673e-01  1.320000e+03  -4.441970e-03  1.138375e-03  9.999895e-01 
 -4.200543e+00  7.583950e-01  1.350000e+03  -4.301225e-03  1.051909e-03  9.999902e-01 
 -4.325835e+00  7.921835e-01  1.380000e+03  -4.087088e-03  1.320643e-03  9.999908e-01 
 -4.446107e+00  8.368625e-01  1.410000e+03  -3.877983e-03  1.991214e-03  9.999905e-01 
 -4.557137e+00  9.074682e-01  1.440000e+03  -3.379895e-03  2.345760e-03  9.999915e-01 
 -4.657228e+00  9.624847e-01  1.470000e+03  -3.662383e-03  1.861214e-03  9.999916e-01 
 -4.765502e+00  1.019894e+00  1.500000e+03  -3.387580e-03  1.946261e-03  9.999924e-01 
 -4.880779e+00  1.076112e+00  1.530000e+03  -4.078586e-03  1.754345e-03  9.999901e-01 
 -5.003231e+00  1.123161e+00  1.560000e+03  -3.895611e-03  1.680824e-03  9.999910e-01 
 -5.133615e+00  1.175667e+00  1.590000e+03  -4.466645e-03  1.562472e-03  9.999888e-01 
 -5.256901e+00  1.228823e+00  1.620000e+03  -3.898188e-03  1.658748e-03  9.999910e-01 
 -5.364850e+00  1.283409e+00  1.650000e+03  -3.519412e-03  2.025706e-03  9.999918e-01 
 -5.462667e+00  1.344081e+00  1.680000e+03  -3.050630e-03  1.994696e-03  9.999934e-01 
 -5.566119e+00  1.405302e+00  1.710000e+03  -3.819223e-03  1.989321e-03  9.999907e-01 
 -5.685795e+00  1.462753e+00  1.740000e+03  -4.013571e-03  1.714891e-03  9.999905e-01 
 -5.806997e+00  1.515642e+00  1.770000e+03  -4.097800e-03  2.318872e-03  9.999889e-01 
 -5.933454e+00  1.586005e+00  1.800000e+03  -4.559614e-03  2.431602e-03  9.999866e-01 
 -6.071461e+00  1.666105e+00  1.830000e+03  -4.536920e-03  2.779397e-03  9.999858e-01 
 -6.209032e+00  1.744434e+00  1.860000e+03  -4.587535e-03  2.405913e-03  9.999866e-01 
 -6.353185e+00  1.829380e+00  1.890000e+03  -4.956318e-03  3.018333e-03  9.999832e-01 
 -6.509210e+00  1.910666e+00  1.920000e+03  -5.266147e-03  2.642856e-03  9.999826e-01 
 -6.672141e+00  1.997232e+00  1.950000e+03  -5.836548e-03  2.784613e-03  9.999791e-01 
 -6.849370e+00  2.088277e+00  1.980000e+03  -6.010911e-03  3.274237e-03  9.999766e-01 
 -7.045095e+00  2.186017e+00  2.010000e+03  -6.669401e-03  3.096064e-03  9.999730e-01 
 -7.244535e+00  2.278073e+00  2.040000e+03  -6.339169e-03  3.254996e-03  9.999746e-01 
 -7.440499e+00  2.386321e+00  2.070000e+03  -6.695328e-03  3.576852e-03  9.999712e-01 
 -7.646089e+00  2.496642e+00  2.100000e+03  -7.084718e-03  3.587694e-03  9.999685e-01 
 -7.852276e+00  2.601889e+00  2.130000e+03  -6.977074e-03  3.641642e-03  9.999690e-01 
 -8.058425e+00  2.712481e+00  2.160000e+03  -6.665256e-03  4.167314e-03  9.999691e-01 
 -8.256149e+00  2.848915e+00  2.190000e+03  -6.472690e-03  5.015439e-03  9.999665e-01 
 -8.445865e+00  2.995127e+00  2.220000e+03  -6.261649e-03  5.034417e-03  9.999677e-01 
 -8.631846e+00  3.141519e+00  2.250000e+03  -6.066200e-03  4.654248e-03  9.999708e-01 
 -8.817127e+00  3.276150e+00  2.280000e+03  -6.430280e-03  4.274317e-03  9.999702e-01 
 -9.014970e+00  3.399959e+00  2.310000e+03  -6.554114e-03  3.767549e-03  9.999714e-01 
 -9.211081e+00  3.523349e+00  2.340000e+03  -6.648267e-03  4.442874e-03  9.999680e-01 
 -9.420738e+00  3.659037e+00  2.370000e+03  -7.478713e-03  4.743379e-03  9.999608e-01 
 -9.639974e+00  3.799912e+00  2.400000e+03  -7.153941e-03  4.952465e-03  9.999621e-01 
 -9.862245e+00  3.949425e+00  2.430000e+03  -7.511264e-03  5.384630e-03  9.999573e-01 
 -1.008184e+01  4.114366e+00  2.460000e+03  -7.077046e-03  5.383904e-03  9.999605e-01 
 -1.029273e+01  4.279121e+00  2.490000e+03  -7.154699e-03  5.813845e-03  9.999575e-01 
 -1.050800e+01  4.456900e+00  2.520000e+03  -7.229965e-03  6.139425e-03  9.999550e-01 
 -1.071469e+01  4.630781e+00  2.550000e+03  -6.596288e-03  5.786806e-03  9.999615e-01 
 -1.091120e+01  4.813764e+00  2.580000e+03  -6.633614e-03  6.216951e-03  9.999587e-01 
 -1.110949e+01  4.988268e+00  2.610000e+03  -6.483801e-03  5.691558e-03  9.999628e-01 
 -1.129503e+01  5.152066e+00  2.640000e+03  -5.802870e-03  5.091887e-03  9.999702e-01 
 -1.146162e+01  5.302342e+00  2.670000e+03  -5.163546e-03  5.132557e-03  9.999735e-01 
 -1.160210e+01  5.454714e+00  2.700000e+03  -4.240805e-03  5.076805e-03  9.999781e-01 
 -1.172285e+01  5.605446e+00  2.730000e+03  -3.969216e-03  4.906850e-03  9.999801e-01 
 -1.184562e+01  5.751031e+00  2.760000e+03  -3.885707e-03  4.849091e-03  9.999807e-01 
 -1.196529e+01  5.895734e+00  2.790000e+03  -3.859452e-03  4.853197e-03  9.999808e-01 
 -1.206379e+01  6.046958e+00  2.820000e+03  -2.784252e-03  5.071241e-03  9.999833e-01 
 -1.214287e+01  6.204077e+00  2.850000e+03  -2.640419e-03  5.580539e-03  9.999809e-01 
 -1.222659e+01  6.359689e+00  2.880000e+03  -2.733259e-03  4.734242e-03  9.999851e-01 
 -1.230522e+01  6.495622e+00  2.910000e+03  -2.704325e-03  4.679436e-03  9.999854e-01 
 -1.238079e+01  6.614921e+00  2.940000e+03  -2.207712e-03  3.785295e-03  9.999904e-01 
 -1.243895e+01  6.731800e+00  2.970000e+03  -1.892156e-03  3.932560e-03  9.999905e-01 
 -1.248965e+01  6.853557e+00  3.000000e+03  -1.642066e-03  4.242400e-03  9.999897e-01 

2
 2.951416e-02  7.747183e-02  3.000000e+01  1.788292e-04  -3.099382e-05  1.000000e+0
 2.578375e-02  6.700974e-02  6.000000e+01  -2.046093e-04  -5.142857e-04  9.999998e-0
 2.275494e-02  5.294802e-02  9.000000e+01  2.447547e-05  -5.486023e-04  9.999998e-0
 3.082861e-02  4.292582e-02  1.200000e+02  3.472334e-04  -1.785556e-04  9.999999e-0
 4.302939e-02  3.288091e-02  1.500000e+02  6.110922e-04  -5.675144e-04  9.999997e-0
 6.214792e-02  1.808015e-02  1.800000e+02  4.764407e-04  -5.553331e-04  9.999997e-0
 7.598268e-02  1.120431e-02  2.100000e+02  5.189335e-04  -6.373496e-05  9.999999e-0
 1.003486e-01  1.103746e-02  2.400000e+02  1.145252e-03  -9.046741e-05  9.999993e-0
 1.394025e-01  7.071906e-03  2.700000e+02  1.630987e-03  -4.602152e-07  9.999987e-0
 1.895522e-01  9.875224e-04  3.000000e+02  1.663632e-03  -9.375080e-05  9.999986e-0
 2.489121e-01  1.362982e-03  3.300000e+02  2.422224e-03  3.794782e-06  9.999971e-01
 3.230459e-01  6.035358e-03  3.600000e+02  2.636257e-03  3.906177e-04  9.999964e-01
 4.020309e-01  2.681834e-02  3.900000e+02  2.499424e-03  1.088455e-03  9.999963e-01
 4.783877e-01  5.662006e-02  4.200000e+02  2.661550e-03  7.945568e-04  9.999961e-01
 5.576403e-01  8.532810e-02  4.500000e+02  2.634759e-03  1.001307e-03  9.999960e-01
 6.422628e-01  1.141090e-01  4.800000e+02  3.082833e-03  9.262268e-04  9.999948e-01
 7.392196e-01  1.424177e-01  5.100000e+02  3.525989e-03  1.036229e-03  9.999932e-01
 8.420027e-01  1.717981e-01  5.400000e+02  3.248658e-03  9.492781e-04  9.999943e-01
 9.418003e-01  1.988064e-01  5.700000e+02  3.610724e-03  9.197125e-04  9.999931e-01
 1.053130e+00  2.295793e-01  6.000000e+02  3.713514e-03  9.991857e-04  9.999926e-01
 1.162650e+00  2.512327e-01  6.300000e+02  3.869682e-03  5.223671e-04  9.999924e-01
 1.271767e+00  2.704281e-01  6.600000e+02  3.749621e-03  8.574373e-04  9.999926e-01
 1.397525e+00  2.985698e-01  6.900000e+02  4.476722e-03  1.108867e-03  9.999894e-01
 1.530300e+00  3.265648e-01  7.200000e+02  4.020662e-03  7.010011e-04  9.999917e-01
 1.647287e+00  3.460092e-01  7.500000e+02  3.811179e-03  5.530558e-04  9.999926e-01
 1.749157e+00  3.621008e-01  7.800000e+02  3.255448e-03  3.739231e-04  9.999946e-01
 1.850141e+00  3.730027e-01  8.100000e+02  3.546129e-03  3.203116e-04  9.999937e-01
 1.952160e+00  3.856650e-01  8.400000e+02  3.600360e-03  9.199593e-04  9.999931e-01
 2.069972e+00  4.041206e-01  8.700000e+02  4.127505e-03  7.511391e-04  9.999912e-01
 2.180680e+00  4.238431e-01  9.000000e+02  3.594649e-03  5.893609e-04  9.999934e-01
 2.298641e+00  4.466511e-01  9.300000e+02  4.110629e-03  9.538015e-04  9.999911e-01
 2.417313e+00  4.813880e-01  9.600000e+02  4.008218e-03  1.056884e-03  9.999914e-01
 2.536777e+00  5.187205e-01  9.900000e+02  4.066045e-03  1.508380e-03  9.999906e-01
 2.661286e+00  5.589117e-01  1.020000e+03  4.227936e-03  1.482383e-03  9.999900e-01
 2.796123e+00  6.072814e-01  1.050000e+03  4.672941e-03  1.747036e-03  9.999876e-01
 2.942023e+00  6.664555e-01  1.080000e+03  4.822033e-03  2.088861e-03  9.999862e-01
 3.087401e+00  7.414026e-01  1.110000e+03  4.662309e-03  2.774764e-03  9.999853e-01
 3.226779e+00  8.245185e-01  1.140000e+03  4.582089e-03  2.848898e-03  9.999854e-01
 3.357134e+00  8.980164e-01  1.170000e+03  4.197058e-03  1.986790e-03  9.999892e-01
 3.493141e+00  9.612895e-01  1.200000e+03  4.899448e-03  2.062780e-03  9.999859e-01
 3.643026e+00  1.024992e+00  1.230000e+03  4.982527e-03  2.107702e-03  9.999854e-01
 3.773931e+00  1.086450e+00  1.260000e+03  4.325505e-03  2.073948e-03  9.999885e-01
 3.898325e+00  1.157531e+00  1.290000e+03  4.156063e-03  2.579644e-03  9.999880e-01
 4.012087e+00  1.234765e+00  1.320000e+03  3.945697e-03  2.419109e-03  9.999893e-01
 4.124916e+00  1.308263e+00  1.350000e+03  3.523632e-03  2.620090e-03  9.999904e-01
 4.228376e+00  1.386130e+00  1.380000e+03  3.424475e-03  2.676840e-03  9.999906e-01
 4.330234e+00  1.454505e+00  1.410000e+03  3.050078e-03  1.930824e-03  9.999935e-01
 4.413261e+00  1.515446e+00  1.440000e+03  2.775271e-03  2.032612e-03  9.999941e-01
 4.501247e+00  1.571187e+00  1.470000e+03  2.933776e-03  1.709063e-03  9.999942e-01
 4.597713e+00  1.622024e+00  1.500000e+03  3.806997e-03  1.846214e-03  9.999910e-01
 4.728810e+00  1.675340e+00  1.530000e+03  4.790354e-03  1.991181e-03  9.999865e-01
 4.864504e+00  1.739231e+00  1.560000e+03  4.328715e-03  2.364246e-03  9.999878e-01
 4.991962e+00  1.809552e+00  1.590000e+03  4.483961e-03  2.179150e-03  9.999876e-01
 5.123480e+00  1.870053e+00  1.620000e+03  4.213162e-03  1.802608e-03  9.999895e-01
 5.261676e+00  1.929454e+00  1.650000e+03  4.584404e-03  2.201907e-03  9.999871e-01
 5.393745e+00  1.986623e+00  1.680000e+03  3.939373e-03  1.717789e-03  9.999908e-01
 5.520333e+00  2.039293e+00  1.710000e+03  4.469874e-03  2.018796e-03  9.999880e-01
 5.653645e+00  2.101299e+00  1.740000e+03  4.472824e-03  2.076472e-03  9.999878e-01
 5.786640e+00  2.173446e+00  1.770000e+03  4.694741e-03  2.594039e-03  9.999856e-01
 5.932276e+00  2.231511e+00  1.800000e+03  5.120830e-03  1.890907e-03  9.999851e-01
 6.083884e+00  2.303044e+00  1.830000e+03  5.119089e-03  2.548330e-03  9.999837e-01
 6.241767e+00  2.372438e+00  1.860000e+03  5.409683e-03  2.310111e-03  9.999827e-01
 6.399548e+00  2.440480e+00  1.890000e+03  5.213593e-03  2.107937e-03  9.999842e-01
 6.556451e+00  2.501920e+00  1.920000e+03  5.031074e-03  1.858131e-03  9.999856e-01
 6.703652e+00  2.573589e+00  1.950000e+03  4.783023e-03  2.525034e-03  9.999854e-01
 6.852071e+00  2.655162e+00  1.980000e+03  5.209424e-03  2.680788e-03  9.999828e-01
 6.999890e+00  2.736759e+00  2.010000e+03  4.694512e-03  2.737291e-03  9.999852e-01
 7.129826e+00  2.813105e+00  2.040000e+03  4.061611e-03  2.345369e-03  9.999890e-01
 7.252199e+00  2.894283e+00  2.070000e+03  4.113995e-03  2.837673e-03  9.999875e-01
 7.379538e+00  2.983432e+00  2.100000e+03  4.283842e-03  2.895809e-03  9.999866e-01
 7.498788e+00  3.071282e+00  2.130000e+03  3.901686e-03  3.092615e-03  9.999876e-01
 7.607997e+00  3.160610e+00  2.160000e+03  3.505626e-03  2.729153e-03  9.999901e-01
 7.726759e+00  3.250192e+00  2.190000e+03  4.196744e-03  3.148026e-03  9.999862e-01
 7.857259e+00  3.344424e+00  2.220000e+03  4.417991e-03  3.100132e-03  9.999854e-01
 7.990113e+00  3.428009e+00  2.250000e+03  4.211143e-03  2.577812e-03  9.999878e-01
 8.114233e+00  3.493748e+00  2.280000e+03  4.092330e-03  1.799692e-03  9.999900e-01
 8.230594e+00  3.545439e+00  2.310000e+03  3.684254e-03  1.537286e-03  9.999920e-01
 8.344273e+00  3.599838e+00  2.340000e+03  3.846829e-03  1.949952e-03  9.999907e-01
 8.475177e+00  3.655598e+00  2.370000e+03  4.723993e-03  1.551900e-03  9.999876e-01
 8.609944e+00  3.696488e+00  2.400000e+03  4.389201e-03  1.371583e-03  9.999894e-01
 8.740390e+00  3.743053e+00  2.430000e+03  4.274167e-03  1.637380e-03  9.999895e-01
 8.858007e+00  3.798213e+00  2.460000e+03  3.521865e-03  1.816339e-03  9.999921e-01
 8.956329e+00  3.855237e+00  2.490000e+03  2.841836e-03  2.030771e-03  9.999939e-01
 9.048579e+00  3.914514e+00  2.520000e+03  3.277986e-03  1.531652e-03  9.999935e-01
 9.150299e+00  3.973805e+00  2.550000e+03  3.008110e-03  1.945699e-03  9.999936e-01
 9.239963e+00  4.047136e+00  2.580000e+03  2.819403e-03  2.646444e-03  9.999925e-01
 9.324491e+00  4.129982e+00  2.610000e+03  3.152816e-03  2.964421e-03  9.999906e-01
 9.417723e+00  4.221299e+00  2.640000e+03  3.316203e-03  3.010774e-03  9.999900e-01
 9.520246e+00  4.325976e+00  2.670000e+03  3.493588e-03  3.476019e-03  9.999879e-01
 9.616518e+00  4.433000e+00  2.700000e+03  3.392216e-03  3.717255e-03  9.999873e-01
 9.729890e+00  4.555582e+00  2.730000e+03  3.730894e-03  4.414140e-03  9.999833e-01
 9.846523e+00  4.693859e+00  2.760000e+03  4.036931e-03  4.872441e-03  9.999800e-01
 9.974709e+00  4.845513e+00  2.790000e+03  4.109367e-03  5.441095e-03  9.999768e-01
 1.010304e+01  5.014482e+00  2.820000e+03  4.211238e-03  5.999486e-03  9.999731e-01
 1.023208e+01  5.195742e+00  2.850000e+03  4.362616e-03  5.957750e-03  9.999727e-01
 1.036702e+01  5.389659e+00  2.880000e+03  4.679140e-03  6.579560e-03  9.999674e-01
 1.049678e+01  5.586053e+00  2.910000e+03  4.040979e-03  6.884134e-03  9.999681e-01
 1.061272e+01  5.800263e+00  2.940000e+03  3.927803e-03  7.405427e-03  9.999649e-01
 1.072598e+01  6.021735e+00  2.970000e+03  3.659788e-03  7.642667e-03  9.999641e-01
 1.084054e+01  6.253269e+00  3.000000e+03  3.592190e-03  7.690543e-03  9.999640e-01

3
 4.068271e-02  -4.686871e-02  3.000000e+01  4.346208e-04  8.985601e-05  9.999999e-01
 5.981581e-02  -4.158772e-02  6.000000e+01  7.846503e-04  1.456182e-04  9.999997e-01
 9.153348e-02  -2.925205e-02  9.000000e+01  1.276548e-03  3.709758e-04  9.999991e-01
 1.372125e-01  -1.814377e-02  1.200000e+02  1.486597e-03  5.036387e-04  9.999988e-01
 1.790768e-01  -6.091042e-03  1.500000e+02  1.542745e-03  3.834228e-04  9.999987e-01
 2.297212e-01  9.707758e-03  1.800000e+02  2.070463e-03  5.526292e-04  9.999977e-01 
 2.878804e-01  2.133644e-02  2.100000e+02  1.804840e-03  4.947888e-04  9.999982e-01 
 3.436037e-01  3.648289e-02  2.400000e+02  1.859154e-03  4.400933e-04  9.999982e-01 
 3.969067e-01  5.467707e-02  2.700000e+02  1.711681e-03  6.784620e-04  9.999983e-01 
 4.502305e-01  7.385559e-02  3.000000e+02  1.714320e-03  6.448354e-04  9.999983e-01 
 4.979952e-01  9.467170e-02  3.300000e+02  1.411686e-03  5.039735e-04  9.999989e-01 
 5.455712e-01  1.081681e-01  3.600000e+02  1.831061e-03  4.081869e-04  9.999982e-01 
 6.000286e-01  1.175040e-01  3.900000e+02  1.795116e-03  5.899424e-04  9.999982e-01 
 6.562047e-01  1.369746e-01  4.200000e+02  1.933990e-03  6.192829e-04  9.999979e-01 
 7.091752e-01  1.624077e-01  4.500000e+02  1.586181e-03  1.052892e-03  9.999982e-01 
 7.618705e-01  1.886308e-01  4.800000e+02  1.883366e-03  1.030476e-03  9.999977e-01 
 8.233374e-01  2.201487e-01  5.100000e+02  2.015390e-03  1.040244e-03  9.999974e-01 
 8.845613e-01  2.461390e-01  5.400000e+02  2.287834e-03  8.540249e-04  9.999970e-01 
 9.489924e-01  2.850758e-01  5.700000e+02  1.931330e-03  1.348682e-03  9.999972e-01 
 9.958007e-01  3.231969e-01  6.000000e+02  1.499292e-03  1.464727e-03  9.999978e-01 
 1.038514e+00  3.681260e-01  6.300000e+02  1.466369e-03  1.453486e-03  9.999979e-01 
 1.081144e+00  4.169981e-01  6.600000e+02  1.542189e-03  1.648195e-03  9.999975e-01 
 1.128433e+00  4.713650e-01  6.900000e+02  1.556870e-03  1.958983e-03  9.999969e-01 
 1.177372e+00  5.224168e-01  7.200000e+02  1.626638e-03  1.702987e-03  9.999972e-01 
 1.230420e+00  5.654789e-01  7.500000e+02  1.954470e-03  1.066357e-03  9.999975e-01 
 1.289520e+00  5.903010e-01  7.800000e+02  1.796019e-03  6.043595e-04  9.999982e-01 
 1.344664e+00  6.118902e-01  8.100000e+02  2.005573e-03  1.009685e-03  9.999975e-01 
 1.406287e+00  6.455472e-01  8.400000e+02  2.278032e-03  1.293452e-03  9.999966e-01 
 1.465029e+00  6.903567e-01  8.700000e+02  1.749517e-03  1.630960e-03  9.999971e-01 
 1.510917e+00  7.448143e-01  9.000000e+02  1.518613e-03  1.960933e-03  9.999969e-01 
 1.556256e+00  8.137485e-01  9.300000e+02  1.490877e-03  2.424535e-03  9.999959e-01 
 1.610457e+00  8.897220e-01  9.600000e+02  2.090546e-03  2.796814e-03  9.999939e-01 
 1.671795e+00  9.784476e-01  9.900000e+02  2.062056e-03  3.030478e-03  9.999933e-01 
 1.737911e+00  1.071455e+00  1.020000e+03  2.054791e-03  3.200320e-03  9.999928e-01 
 1.802346e+00  1.166073e+00  1.050000e+03  2.211285e-03  2.854025e-03  9.999935e-01 
 1.872132e+00  1.258777e+00  1.080000e+03  2.330806e-03  2.919234e-03  9.999930e-01 
 1.939557e+00  1.347736e+00  1.110000e+03  2.228738e-03  2.992672e-03  9.999930e-01 
 2.005507e+00  1.437832e+00  1.140000e+03  2.183261e-03  2.942419e-03  9.999933e-01 
 2.072816e+00  1.513984e+00  1.170000e+03  2.266812e-03  2.122835e-03  9.999952e-01 
 2.142190e+00  1.572327e+00  1.200000e+03  2.480185e-03  1.939818e-03  9.999950e-01 
 2.215299e+00  1.632991e+00  1.230000e+03  2.239993e-03  2.381275e-03  9.999947e-01 
 2.280949e+00  1.708511e+00  1.260000e+03  2.149226e-03  2.757492e-03  9.999939e-01 
 2.341907e+00  1.786755e+00  1.290000e+03  2.033579e-03  2.487115e-03  9.999948e-01 
 2.399430e+00  1.862612e+00  1.320000e+03  2.021944e-03  2.581607e-03  9.999946e-01 
 2.459442e+00  1.939576e+00  1.350000e+03  2.138513e-03  2.475456e-03  9.999946e-01 
 2.519085e+00  2.011478e+00  1.380000e+03  2.071205e-03  2.705852e-03  9.999942e-01 
 2.576867e+00  2.098659e+00  1.410000e+03  2.007088e-03  3.155122e-03  9.999930e-01 
 2.631347e+00  2.188740e+00  1.440000e+03  1.773052e-03  3.212635e-03  9.999933e-01 
 2.686381e+00  2.285960e+00  1.470000e+03  2.066846e-03  3.424435e-03  9.999920e-01 
 2.751538e+00  2.396338e+00  1.500000e+03  2.218443e-03  3.945193e-03  9.999898e-01 
 2.831441e+00  2.513371e+00  1.530000e+03  3.002520e-03  4.106991e-03  9.999871e-01 
 2.921420e+00  2.640835e+00  1.560000e+03  2.909648e-03  4.427513e-03  9.999860e-01 
 3.017707e+00  2.769383e+00  1.590000e+03  3.700824e-03  4.251347e-03  9.999841e-01 
 3.133350e+00  2.898081e+00  1.620000e+03  3.775686e-03  4.298470e-03  9.999836e-01 
 3.251744e+00  3.024831e+00  1.650000e+03  4.040511e-03  4.310243e-03  9.999825e-01 
 3.372377e+00  3.158807e+00  1.680000e+03  4.180539e-03  4.544966e-03  9.999809e-01 
 3.489995e+00  3.290650e+00  1.710000e+03  3.970257e-03  4.304781e-03  9.999829e-01 
 3.610810e+00  3.430849e+00  1.740000e+03  3.855949e-03  4.832966e-03  9.999809e-01 
 3.724143e+00  3.571272e+00  1.770000e+03  3.704448e-03  4.540380e-03  9.999828e-01 
 3.832663e+00  3.703255e+00  1.800000e+03  3.684809e-03  4.211000e-03  9.999843e-01 
 3.953341e+00  3.829769e+00  1.830000e+03  4.184424e-03  4.264960e-03  9.999822e-01 
 4.073451e+00  3.953789e+00  1.860000e+03  3.983381e-03  4.231690e-03  9.999831e-01 
 4.190928e+00  4.078250e+00  1.890000e+03  3.864965e-03  4.288062e-03  9.999833e-01 
 4.295787e+00  4.209521e+00  1.920000e+03  2.960452e-03  4.421998e-03  9.999858e-01 
 4.388050e+00  4.336748e+00  1.950000e+03  2.821171e-03  3.924558e-03  9.999883e-01 
 4.484291e+00  4.458615e+00  1.980000e+03  3.187604e-03  3.973946e-03  9.999870e-01 
 4.573838e+00  4.572370e+00  2.010000e+03  2.752866e-03  3.759901e-03  9.999891e-01 
 4.650677e+00  4.674917e+00  2.040000e+03  2.143547e-03  3.397070e-03  9.999919e-01 
 4.714709e+00  4.774787e+00  2.070000e+03  1.849461e-03  2.924591e-03  9.999940e-01 
 4.768092e+00  4.860110e+00  2.100000e+03  1.812715e-03  2.727845e-03  9.999946e-01 
 4.824416e+00  4.936819e+00  2.130000e+03  1.865484e-03  2.160498e-03  9.999959e-01 
 4.889094e+00  4.996277e+00  2.160000e+03  2.277811e-03  1.940008e-03  9.999955e-01 
 4.963984e+00  5.041221e+00  2.190000e+03  2.712230e-03  1.255016e-03  9.999955e-01 
 5.058757e+00  5.079385e+00  2.220000e+03  3.321849e-03  1.429181e-03  9.999935e-01 
 5.156948e+00  5.133720e+00  2.250000e+03  3.012749e-03  1.903798e-03  9.999936e-01 
 5.244466e+00  5.178996e+00  2.280000e+03  2.891783e-03  1.335294e-03  9.999949e-01 
 5.320223e+00  5.215146e+00  2.310000e+03  2.475461e-03  9.391552e-04  9.999965e-01 
 5.389311e+00  5.255473e+00  2.340000e+03  2.303988e-03  1.474867e-03  9.999963e-01 
 5.454327e+00  5.307613e+00  2.370000e+03  2.170345e-03  1.712342e-03  9.999962e-01 
 5.518358e+00  5.364045e+00  2.400000e+03  2.022446e-03  1.936117e-03  9.999961e-01 
 5.579326e+00  5.426180e+00  2.430000e+03  2.222325e-03  1.980822e-03  9.999956e-01 
 5.639761e+00  5.481966e+00  2.460000e+03  1.510844e-03  1.810587e-03  9.999972e-01 
 5.691885e+00  5.547966e+00  2.490000e+03  1.862934e-03  2.297819e-03  9.999956e-01 
 5.735167e+00  5.612997e+00  2.520000e+03  1.021152e-03  1.654858e-03  9.999981e-01 
 5.767832e+00  5.659968e+00  2.550000e+03  9.567849e-04  1.461988e-03  9.999985e-01 
 5.801027e+00  5.702521e+00  2.580000e+03  1.163505e-03  1.184540e-03  9.999986e-01 
 5.824419e+00  5.744530e+00  2.610000e+03  5.802436e-04  1.574337e-03  9.999986e-01 
 5.841901e+00  5.777851e+00  2.640000e+03  5.071814e-04  8.563290e-04  9.999995e-01 
 5.864700e+00  5.814945e+00  2.670000e+03  1.158004e-03  1.310543e-03  9.999985e-01 
 5.904654e+00  5.845128e+00  2.700000e+03  1.495521e-03  6.738813e-04  9.999987e-01 
 5.958354e+00  5.868726e+00  2.730000e+03  1.696261e-03  1.173416e-03  9.999979e-01 
 6.012679e+00  5.897958e+00  2.760000e+03  2.274065e-03  7.883735e-04  9.999971e-01 
 6.078077e+00  5.929409e+00  2.790000e+03  2.365958e-03  1.223356e-03  9.999965e-01 
 6.162832e+00  5.964896e+00  2.820000e+03  3.271033e-03  8.362586e-04  9.999943e-01 
 6.256197e+00  5.981337e+00  2.850000e+03  2.701530e-03  4.400870e-04  9.999963e-01 
 6.341814e+00  5.994215e+00  2.880000e+03  3.043730e-03  3.742315e-04  9.999953e-01 
 6.432156e+00  6.001937e+00  2.910000e+03  3.114904e-03  4.335475e-04  9.999951e-01 
 6.529705e+00  6.004554e+00  2.940000e+03  3.246614e-03  1.547300e-04  9.999947e-01 
 6.631812e+00  6.020353e+00  2.970000e+03  3.415576e-03  7.350030e-04  9.999939e-01 
 6.727070e+00  6.042088e+00  3.000000e+03  2.956143e-03  9.457950e-05  9.999956e-01 

4
 2.012714e-02  -7.283264e-02  3.000000e+01  -5.399860e-05  -2.225461e-04  1.000000e+00
 2.669811e-02  -8.367363e-02  6.000000e+01  3.558437e-04  -3.186077e-04  9.999999e-01 
 3.521681e-02  -9.536549e-02  9.000000e+01  3.823420e-04  -5.508941e-04  9.999998e-01 
 5.069282e-02  -1.150594e-01  1.200000e+02  4.942036e-04  -9.538846e-04  9.999994e-01 
 6.610403e-02  -1.475307e-01  1.500000e+02  4.080376e-04  -8.890439e-04  9.999995e-01 
 7.773568e-02  -1.819176e-01  1.800000e+02  2.885091e-04  -1.257479e-03  9.999992e-01 
 8.875212e-02  -2.177806e-01  2.100000e+02  6.670423e-04  -1.117505e-03  9.999992e-01 
 1.047203e-01  -2.497890e-01  2.400000e+02  3.847025e-04  -1.120536e-03  9.999993e-01 
 1.152497e-01  -2.729323e-01  2.700000e+02  5.386983e-04  -6.099688e-04  9.999997e-01 
 1.370934e-01  -2.931709e-01  3.000000e+02  8.526477e-04  -6.184948e-04  9.999994e-01 
 1.624732e-01  -3.149099e-01  3.300000e+02  8.698713e-04  -8.797753e-04  9.999992e-01 
 1.841181e-01  -3.466989e-01  3.600000e+02  5.687988e-04  -1.333782e-03  9.999989e-01 
 2.065581e-01  -3.863037e-01  3.900000e+02  1.031875e-03  -1.258042e-03  9.999987e-01 
 2.305085e-01  -4.237925e-01  4.200000e+02  7.980866e-04  -1.083481e-03  9.999991e-01 
 2.465164e-01  -4.627310e-01  4.500000e+02  4.813730e-04  -1.296641e-03  9.999990e-01 
 2.476056e-01  -5.048332e-01  4.800000e+02  -2.701883e-04  -1.385728e-03  9.999990e-01
 2.367948e-01  -5.396688e-01  5.100000e+02  -9.033699e-05  -1.153089e-03  9.999993e-01
 2.299850e-01  -5.696067e-01  5.400000e+02  -2.856308e-04  -6.914746e-04  9.999997e-01
 2.161230e-01  -5.956337e-01  5.700000e+02  -5.462724e-04  -1.076839e-03  9.999993e-01
 1.896456e-01  -6.278900e-01  6.000000e+02  -1.164829e-03  -7.782988e-04  9.999990e-01
 1.487465e-01  -6.554927e-01  6.300000e+02  -1.428217e-03  -1.230507e-03  9.999982e-01
 1.097622e-01  -6.982139e-01  6.600000e+02  -1.238118e-03  -1.433571e-03  9.999982e-01
 6.822797e-02  -7.412387e-01  6.900000e+02  -1.403993e-03  -1.431652e-03  9.999980e-01
 3.058399e-02  -7.794746e-01  7.200000e+02  -1.298541e-03  -9.596087e-04  9.999987e-01
 -3.480069e-04  -8.107699e-01  7.500000e+02  -7.602307e-04  -7.357264e-04  9.999994e-0
 -1.410312e-02  -8.326066e-01  7.800000e+02  -2.611584e-04  -7.615191e-04  9.999997e-0
 -3.057380e-02  -8.427385e-01  8.100000e+02  -6.613130e-04  -4.699528e-05  9.999998e-0
 -4.730743e-02  -8.487609e-01  8.400000e+02  -7.498799e-04  -1.601941e-04  9.999997e-0
 -5.855397e-02  -8.623139e-01  8.700000e+02  1.188600e-07  -9.464871e-04  9.999996e-01
 -6.296256e-02  -8.941306e-01  9.000000e+02  -7.310079e-05  -1.120597e-03  9.999994e-0
 -7.073076e-02  -9.181532e-01  9.300000e+02  -4.342179e-04  -4.352814e-04  9.999998e-0
 -8.022547e-02  -9.296507e-01  9.600000e+02  -2.465954e-04  -1.770622e-04  1.000000e+0
 -8.230506e-02  -9.345055e-01  9.900000e+02  -3.774564e-04  -1.712860e-04  9.999999e-0
 -9.180525e-02  -9.387029e-01  1.020000e+03  -3.065831e-04  -1.509152e-04  9.999999e-0
 -9.322961e-02  -9.499778e-01  1.050000e+03  1.812875e-04  -5.311179e-04  9.999998e-01
 -8.335689e-02  -9.655611e-01  1.080000e+03  2.863224e-04  -6.757108e-04  9.999997e-01
 -8.084166e-02  -9.784278e-01  1.110000e+03  2.063811e-04  -1.992822e-04  1.000000e+00
 -5.962287e-02  -9.848889e-01  1.140000e+03  7.067952e-04  -3.023916e-05  9.999997e-01
 -3.240227e-02  -9.895545e-01  1.170000e+03  1.006148e-03  -5.774612e-05  9.999995e-01
 -7.151239e-04  -9.939676e-01  1.200000e+03  1.260792e-03  3.367898e-05  9.999992e-01 
 3.518568e-02  -9.961482e-01  1.230000e+03  9.450148e-04  -8.841121e-05  9.999995e-01 
 7.216593e-02  -1.002946e+00  1.260000e+03  1.434817e-03  -3.667389e-04  9.999989e-01 
 1.107952e-01  -1.016265e+00  1.290000e+03  1.327553e-03  -5.841280e-04  9.999989e-01 
 1.524340e-01  -1.029079e+00  1.320000e+03  1.107777e-03  -5.137583e-04  9.999993e-01 
 1.853501e-01  -1.040749e+00  1.350000e+03  1.338070e-03  -2.078905e-04  9.999991e-01 
 2.206179e-01  -1.037464e+00  1.380000e+03  8.400923e-04  4.924081e-05  9.999996e-01 
 2.442050e-01  -1.042960e+00  1.410000e+03  1.004770e-03  -1.281701e-04  9.999995e-01 
 2.687599e-01  -1.051301e+00  1.440000e+03  5.851307e-04  -3.404841e-04  9.999998e-01 
 2.897406e-01  -1.066949e+00  1.470000e+03  7.655845e-04  -8.047541e-04  9.999994e-01 
 3.214879e-01  -1.098783e+00  1.500000e+03  1.536579e-03  -1.444454e-03  9.999978e-01 
 3.674348e-01  -1.143822e+00  1.530000e+03  1.552268e-03  -1.280820e-03  9.999980e-01 
 4.117667e-01  -1.189819e+00  1.560000e+03  1.541826e-03  -1.663358e-03  9.999974e-01 
 4.602016e-01  -1.243376e+00  1.590000e+03  1.696985e-03  -1.966339e-03  9.999966e-01 
 5.030757e-01  -1.304208e+00  1.620000e+03  1.041676e-03  -2.235361e-03  9.999970e-01 
 5.328259e-01  -1.364043e+00  1.650000e+03  1.148400e-03  -2.271345e-03  9.999968e-01 
 5.702184e-01  -1.436868e+00  1.680000e+03  1.050383e-03  -2.617001e-03  9.999960e-01 
 6.023172e-01  -1.522671e+00  1.710000e+03  1.090010e-03  -2.985376e-03  9.999949e-01 
 6.418606e-01  -1.618460e+00  1.740000e+03  1.766774e-03  -2.930862e-03  9.999941e-01 
 6.969518e-01  -1.700763e+00  1.770000e+03  2.042398e-03  -2.494365e-03  9.999948e-01 
 7.623246e-01  -1.771585e+00  1.800000e+03  2.530167e-03  -2.238732e-03  9.999943e-01 
 8.366592e-01  -1.838315e+00  1.830000e+03  2.717272e-03  -2.383252e-03  9.999935e-01 
 9.127215e-01  -1.911238e+00  1.860000e+03  2.446938e-03  -2.545280e-03  9.999938e-01 
 9.967056e-01  -1.990172e+00  1.890000e+03  2.662116e-03  -3.011297e-03  9.999919e-01 
 1.079759e+00  -2.073213e+00  1.920000e+03  3.034691e-03  -2.698530e-03  9.999918e-01 
 1.158507e+00  -2.150875e+00  1.950000e+03  2.590792e-03  -2.709340e-03  9.999930e-01 
 1.241961e+00  -2.221888e+00  1.980000e+03  2.935556e-03  -2.144899e-03  9.999934e-01 
 1.326648e+00  -2.287712e+00  2.010000e+03  2.638711e-03  -2.092248e-03  9.999943e-01 
 1.402680e+00  -2.350721e+00  2.040000e+03  2.716941e-03  -1.749577e-03  9.999948e-01 
 1.476843e+00  -2.413765e+00  2.070000e+03  2.265997e-03  -2.361801e-03  9.999946e-01 
 1.544759e+00  -2.481062e+00  2.100000e+03  2.602472e-03  -2.266445e-03  9.999940e-01 
 1.626891e+00  -2.540211e+00  2.130000e+03  2.655880e-03  -1.913709e-03  9.999946e-01 
 1.700879e+00  -2.595389e+00  2.160000e+03  2.715146e-03  -1.941921e-03  9.999944e-01 
 1.772002e+00  -2.645760e+00  2.190000e+03  2.104019e-03  -1.510924e-03  9.999966e-01 
 1.838615e+00  -2.699452e+00  2.220000e+03  2.267540e-03  -1.856947e-03  9.999957e-01 
 1.910351e+00  -2.755806e+00  2.250000e+03  2.262608e-03  -1.813477e-03  9.999958e-01 
 1.981320e+00  -2.801211e+00  2.280000e+03  2.176934e-03  -1.163911e-03  9.999970e-01 
 2.063118e+00  -2.842751e+00  2.310000e+03  3.241167e-03  -1.478256e-03  9.999937e-01 
 2.169945e+00  -2.881090e+00  2.340000e+03  3.565188e-03  -1.211946e-03  9.999929e-01 
 2.281101e+00  -2.904989e+00  2.370000e+03  3.769236e-03  -7.836999e-04  9.999926e-01 
 2.396408e+00  -2.934116e+00  2.400000e+03  3.794255e-03  -8.629156e-04  9.999924e-01 
 2.507741e+00  -2.960332e+00  2.430000e+03  3.758818e-03  -7.491189e-04  9.999927e-01 
 2.618817e+00  -2.987777e+00  2.460000e+03  3.518831e-03  -8.805651e-04  9.999934e-01 
 2.734062e+00  -3.018078e+00  2.490000e+03  4.004114e-03  -1.279031e-03  9.999912e-01 
 2.849378e+00  -3.058314e+00  2.520000e+03  3.705996e-03  -1.069809e-03  9.999926e-01 
 2.964065e+00  -3.083597e+00  2.550000e+03  3.571316e-03  -8.560306e-04  9.999933e-01 
 3.071537e+00  -3.103448e+00  2.580000e+03  3.471776e-03  -4.683712e-04  9.999939e-01 
 3.172606e+00  -3.110000e+00  2.610000e+03  3.389212e-03  -1.122305e-04  9.999943e-01 
 3.279870e+00  -3.118905e+00  2.640000e+03  3.605213e-03  -3.179780e-04  9.999935e-01 
 3.386960e+00  -3.131685e+00  2.670000e+03  3.451074e-03  -5.920503e-04  9.999939e-01 
 3.476502e+00  -3.141523e+00  2.700000e+03  2.273397e-03  -1.366092e-04  9.999974e-01 
 3.546801e+00  -3.150343e+00  2.730000e+03  2.627204e-03  -3.453651e-04  9.999965e-01 
 3.620035e+00  -3.161243e+00  2.760000e+03  2.699011e-03  -5.790722e-04  9.999962e-01 
 3.686884e+00  -3.187931e+00  2.790000e+03  1.820693e-03  -1.127648e-03  9.999977e-01 
 3.751393e+00  -3.218666e+00  2.820000e+03  2.477841e-03  -1.194089e-03  9.999962e-01 
 3.819356e+00  -3.248618e+00  2.850000e+03  2.073237e-03  -8.153365e-04  9.999975e-01 
 3.881724e+00  -3.280444e+00  2.880000e+03  2.218455e-03  -1.340070e-03  9.999966e-01 
 3.966451e+00  -3.329242e+00  2.910000e+03  3.012159e-03  -1.411414e-03  9.999945e-01 
 4.056194e+00  -3.377758e+00  2.940000e+03  3.163525e-03  -1.809286e-03  9.999934e-01 
 4.142043e+00  -3.441718e+00  2.970000e+03  2.954417e-03  -2.368955e-03  9.999928e-01 
 4.222569e+00  -3.526229e+00  3.000000e+03  2.823193e-03  -3.207883e-03  9.999909e-01 

5
 -1.936292e-02  8.484960e-02  3.000000e+01  2.438728e-04  -3.296258e-04  9.999999e-01
 -2.204967e-02  7.390366e-02  6.000000e+01  -3.263944e-04  -4.193309e-04  9.999999e-0
 -2.962865e-02  6.280373e-02  9.000000e+01  -1.856048e-04  -3.250858e-04  9.999999e-0
 -2.978791e-02  5.256075e-02  1.200000e+02  3.316122e-04  -2.358463e-04  9.999999e-01
 -1.998271e-02  5.115584e-02  1.500000e+02  1.046213e-04  -2.040377e-04  1.000000e+00
 -1.352856e-02  4.666836e-02  1.800000e+02  2.387845e-04  -1.970918e-04  1.000000e+00
 -1.028776e-02  3.243613e-02  2.100000e+02  3.907256e-04  -7.160406e-04  9.999997e-01
 2.212087e-03  1.664683e-02  2.400000e+02  4.088988e-04  -3.231046e-04  9.999999e-01 
 1.706331e-02  7.518737e-03  2.700000e+02  3.591646e-04  -3.315422e-04  9.999999e-01 
 3.335044e-02  -8.824897e-04  3.000000e+02  7.676818e-04  -1.287805e-05  9.999997e-01
 5.765998e-02  -4.136290e-05  3.300000e+02  5.872030e-04  -6.448261e-05  9.999998e-01
 6.843230e-02  -5.085578e-04  3.600000e+02  1.671206e-04  -5.264686e-05  1.000000e+00
 7.540042e-02  -5.076508e-03  3.900000e+02  3.704962e-04  -2.101754e-04  9.999999e-01
 8.516606e-02  -1.239495e-02  4.200000e+02  2.617586e-04  -3.569357e-04  9.999999e-01
 9.443537e-02  -2.141132e-02  4.500000e+02  7.364262e-04  -4.755950e-04  9.999996e-01
 1.194247e-01  -4.543515e-02  4.800000e+02  1.053982e-03  -1.013484e-03  9.999989e-01
 1.440188e-01  -8.034696e-02  5.100000e+02  7.484524e-04  -1.206264e-03  9.999990e-01
 1.626665e-01  -1.160464e-01  5.400000e+02  4.947075e-04  -1.107986e-03  9.999993e-01
 1.788464e-01  -1.420809e-01  5.700000e+02  6.354762e-04  -6.180638e-04  9.999996e-01
 2.039405e-01  -1.614011e-01  6.000000e+02  9.680566e-04  -6.506941e-04  9.999993e-01
 2.323376e-01  -1.810317e-01  6.300000e+02  8.065891e-04  -5.581507e-04  9.999995e-01
 2.605771e-01  -1.906428e-01  6.600000e+02  1.061339e-03  -2.056238e-04  9.999994e-01
 2.912912e-01  -1.929868e-01  6.900000e+02  9.234888e-04  -3.042696e-04  9.999995e-01
 3.201639e-01  -2.075031e-01  7.200000e+02  8.031116e-04  -5.922260e-04  9.999995e-01
 3.464156e-01  -2.350710e-01  7.500000e+02  9.729263e-04  -1.328489e-03  9.999986e-01
 3.702244e-01  -2.742573e-01  7.800000e+02  5.814880e-04  -1.578806e-03  9.999986e-01
 4.011317e-01  -3.216316e-01  8.100000e+02  1.255009e-03  -1.427437e-03  9.999982e-01
 4.365344e-01  -3.616628e-01  8.400000e+02  1.004805e-03  -1.461948e-03  9.999984e-01
 4.661667e-01  -4.031841e-01  8.700000e+02  9.113491e-04  -1.326880e-03  9.999987e-01
 4.903569e-01  -4.440155e-01  9.000000e+02  7.257021e-04  -1.291828e-03  9.999989e-01
 5.116456e-01  -4.863962e-01  9.300000e+02  5.365369e-04  -1.592314e-03  9.999986e-01
 5.232002e-01  -5.325002e-01  9.600000e+02  1.297730e-04  -1.370142e-03  9.999991e-01
 5.223109e-01  -5.654160e-01  9.900000e+02  1.921033e-05  -9.492957e-04  9.999995e-01
 5.168362e-01  -5.791599e-01  1.020000e+03  -5.489351e-04  -3.361505e-04  9.999998e-0
 5.063194e-01  -5.863741e-01  1.050000e+03  -2.544620e-04  -1.735534e-04  1.000000e+0
 5.026519e-01  -5.827225e-01  1.080000e+03  5.332757e-04  2.567772e-04  9.999998e-01 
 5.119023e-01  -5.800749e-01  1.110000e+03  9.163654e-05  -2.159281e-04  1.000000e+00
 5.195359e-01  -5.909174e-01  1.140000e+03  1.870485e-04  -1.330925e-05  1.000000e+00
 5.160770e-01  -5.879334e-01  1.170000e+03  -4.167604e-04  -8.562251e-07  9.999999e-0
 5.069537e-01  -5.813907e-01  1.200000e+03  -1.830905e-04  5.514427e-04  9.999998e-01
 5.059463e-01  -5.626665e-01  1.230000e+03  1.575670e-04  7.321999e-04  9.999997e-01 
 5.098869e-01  -5.469256e-01  1.260000e+03  -2.885824e-05  4.009777e-04  9.999999e-01
 5.144680e-01  -5.268477e-01  1.290000e+03  2.984291e-04  1.029675e-03  9.999994e-01 
 5.286929e-01  -5.007956e-01  1.320000e+03  6.898001e-04  9.114832e-04  9.999993e-01 
 5.535571e-01  -4.670311e-01  1.350000e+03  9.443034e-04  1.181743e-03  9.999989e-01 
 5.828188e-01  -4.328646e-01  1.380000e+03  1.052344e-03  1.479989e-03  9.999984e-01 
 6.122865e-01  -3.890260e-01  1.410000e+03  8.946357e-04  1.363199e-03  9.999987e-01 
 6.307578e-01  -3.520397e-01  1.440000e+03  2.908895e-04  1.274809e-03  9.999991e-01 
 6.383990e-01  -3.216782e-01  1.470000e+03  1.549139e-05  8.482307e-04  9.999996e-01 
 6.487184e-01  -2.911932e-01  1.500000e+03  4.164263e-04  9.910931e-04  9.999994e-01 
 6.742430e-01  -2.608237e-01  1.530000e+03  1.315597e-03  9.504106e-04  9.999987e-01 
 7.120831e-01  -2.359225e-01  1.560000e+03  1.018393e-03  7.010389e-04  9.999992e-01 
 7.499715e-01  -2.100930e-01  1.590000e+03  1.433283e-03  8.614393e-04  9.999986e-01 
 8.011024e-01  -1.780118e-01  1.620000e+03  1.688056e-03  1.373262e-03  9.999976e-01 
 8.510680e-01  -1.480139e-01  1.650000e+03  1.597097e-03  8.496883e-04  9.999984e-01 
 8.964268e-01  -1.205467e-01  1.680000e+03  1.465435e-03  9.334110e-04  9.999985e-01 
 9.569669e-01  -8.494918e-02  1.710000e+03  2.120044e-03  1.479666e-03  9.999967e-01 
 1.023833e+00  -3.591577e-02  1.740000e+03  2.138388e-03  1.599034e-03  9.999964e-01 
 1.082280e+00  1.170350e-02  1.770000e+03  1.801631e-03  1.599569e-03  9.999971e-01 
 1.140876e+00  5.399358e-02  1.800000e+03  1.928169e-03  1.392439e-03  9.999972e-01 
 1.197644e+00  1.028518e-01  1.830000e+03  1.916334e-03  1.669919e-03  9.999968e-01 
 1.261652e+00  1.525980e-01  1.860000e+03  2.355792e-03  1.720732e-03  9.999957e-01 
 1.327416e+00  2.053921e-01  1.890000e+03  2.222674e-03  2.080094e-03  9.999954e-01 
 1.406337e+00  2.534973e-01  1.920000e+03  2.574264e-03  1.769035e-03  9.999951e-01 
 1.477092e+00  3.072219e-01  1.950000e+03  1.939485e-03  1.565437e-03  9.999969e-01 
 1.529643e+00  3.520848e-01  1.980000e+03  1.665434e-03  1.339568e-03  9.999977e-01 
 1.578934e+00  3.883086e-01  2.010000e+03  1.136218e-03  1.088171e-03  9.999988e-01 
 1.627352e+00  4.208230e-01  2.040000e+03  1.832543e-03  9.167791e-04  9.999979e-01 
 1.678561e+00  4.343222e-01  2.070000e+03  1.511413e-03  5.063974e-04  9.999987e-01 
 1.712111e+00  4.401264e-01  2.100000e+03  9.408495e-04  3.460126e-04  9.999995e-01 
 1.748502e+00  4.558036e-01  2.130000e+03  9.499180e-04  4.163943e-04  9.999995e-01 
 1.771848e+00  4.763833e-01  2.160000e+03  6.764417e-04  8.386782e-04  9.999994e-01 
 1.804043e+00  5.048888e-01  2.190000e+03  1.054926e-03  9.817423e-04  9.999990e-01 
 1.838421e+00  5.230717e-01  2.220000e+03  1.086728e-03  5.938684e-04  9.999992e-01 
 1.875351e+00  5.430613e-01  2.250000e+03  1.181121e-03  6.418575e-04  9.999991e-01 
 1.916846e+00  5.653124e-01  2.280000e+03  1.739061e-03  7.750621e-04  9.999982e-01 
 1.967746e+00  5.850135e-01  2.310000e+03  1.948602e-03  9.293343e-04  9.999977e-01 
 2.027017e+00  6.108196e-01  2.340000e+03  2.288634e-03  7.373207e-04  9.999971e-01 
 2.101328e+00  6.238786e-01  2.370000e+03  2.731876e-03  5.153792e-04  9.999961e-01 
 2.188891e+00  6.347372e-01  2.400000e+03  2.810825e-03  2.005628e-04  9.999960e-01 
 2.269553e+00  6.420077e-01  2.430000e+03  2.475350e-03  3.765456e-04  9.999969e-01 
 2.328398e+00  6.369410e-01  2.460000e+03  1.751963e-03  -4.782295e-04  9.999984e-01 
 2.374302e+00  6.265322e-01  2.490000e+03  1.251280e-03  -9.615115e-05  9.999992e-01 
 2.415583e+00  6.183424e-01  2.520000e+03  1.500876e-03  -5.336401e-04  9.999987e-01 
 2.437776e+00  5.954385e-01  2.550000e+03  2.728037e-04  -1.176019e-03  9.999993e-01 
 2.457906e+00  5.681680e-01  2.580000e+03  1.189753e-03  -7.879578e-04  9.999990e-01 
 2.506991e+00  5.624851e-01  2.610000e+03  1.659661e-03  5.541298e-04  9.999985e-01 
 2.550884e+00  5.791254e-01  2.640000e+03  1.173072e-03  2.173536e-04  9.999993e-01 
 2.580926e+00  5.883803e-01  2.670000e+03  8.969462e-04  4.737767e-04  9.999995e-01 
 2.607855e+00  6.014512e-01  2.700000e+03  1.049235e-03  -2.650648e-05  9.999994e-01 
 2.626609e+00  5.927690e-01  2.730000e+03  7.492963e-04  -1.342229e-04  9.999997e-01 
 2.643445e+00  5.851799e-01  2.760000e+03  5.600033e-04  -1.009995e-04  9.999998e-01 
 2.667798e+00  5.720174e-01  2.790000e+03  8.597365e-04  -7.955308e-04  9.999993e-01 
 2.704866e+00  5.692999e-01  2.820000e+03  1.318760e-03  1.771105e-04  9.999991e-01 
 2.737358e+00  5.887673e-01  2.850000e+03  3.816289e-04  7.082927e-04  9.999997e-01 
 2.743318e+00  6.096486e-01  2.880000e+03  -1.703624e-04  9.615953e-04  9.999995e-01 
 2.732962e+00  6.466501e-01  2.910000e+03  -3.891122e-04  1.723988e-03  9.999984e-01 
 2.727444e+00  7.066426e-01  2.940000e+03  -3.210794e-04  2.589196e-03  9.999966e-01 
 2.721524e+00  7.964370e-01  2.970000e+03  -1.032583e-04  3.190076e-03  9.999949e-01 
 2.710868e+00  8.749558e-01  3.000000e+03  -6.374288e-04  2.542181e-03  9.999966e-01 


-----------------------------------------------------------------
1 particle in the emulsion layer  14-03-2023

2.96379 2.60833
3.94712 2.625
4.91379 2.65833
5.89712 2.7
6.88046 2.75
7.87212 2.725
8.87212 2.79167
9.83046 2.79167
10.8388 2.79167
11.8221 2.83333
12.7888 2.875
13.7378 2.89316
14.7462 2.89316
15.7295 2.93483
16.7295 2.94316
17.6878 2.96816
18.6878 2.97649
19.6537 2.99316
20.6287 2.98483
21.6287 3.05983
22.5953 3.03483
23.5787 3.05983
24.5703 3.11816
25.562 3.13483
26.5287 3.14316
27.5203 3.17649
28.5287 3.19316
29.4787 3.21816
30.4703 3.24316
31.4622 3.29316
32.4455 3.29316
33.4372 3.27649
34.4039 3.30149
35.3872 3.32649
36.3622 3.33483
37.3372 3.38483
38.3289 3.39316
39.3039 3.39316
40.2955 3.40983
41.2789 3.43483
42.2486 3.43333
43.2486 3.45833
44.2319 3.5
45.1902 3.51667
46.1902 3.55
47.1569 3.56667
48.1319 3.59167
49.1402 3.61667
50.1069 3.65
51.1069 3.68333
52.0868 3.67649
53.0535 3.73483
54.0452 3.75149
55.0535 3.73483
56.0285 3.75149
56.9868 3.83483
57.9952 3.81816
58.9368 3.81816
59.9285 3.88483
60.9202 3.90149
61.9368 3.89316
62.8952 3.93483
63.8853 3.94316
64.8687 3.96816
65.8437 4.01816
66.7937 4.01816
67.8187 4.08483
68.7937 4.07649
69.7604 4.12649
70.7354 4.14316
71.7644 4.18483
72.7311 4.23483
73.6978 4.20983
74.6811 4.27649
75.6644 4.27649
76.6478 4.32649
77.6228 4.34316
77.6452 4.33483
78.6118 4.37649
79.5952 4.40983
80.5702 4.40983
81.5618 4.45983
82.5702 4.45983
83.5285 4.53483
84.5118 4.50983
85.4952 4.54316
86.493 4.55983
87.4513 4.59316
88.4263 4.61816
89.4097 4.65983
90.4097 4.69316
91.3847 4.70149
92.3763 4.70983
93.3597 4.77649
94.3419 4.87649
95.3252 4.89316
96.2919 4.93483
97.2669 4.95983
98.2752 4.95983
99.2585 5.00149
100.225 5.01816
101.225 5.05149
102.209 5.08483
103.159 5.10149
104.159 5.15149
105.163 5.15149
106.129 5.15149
107.121 5.21816
108.079 5.22649
109.066 5.25833
110.074 5.275
111.057 5.325
112.007 5.35833
113.011 5.39167
114.011 5.39167
114.952 5.4
115.952 5.46667









1 particle in the emulsion layer  07-03-2023

3.01466 2.65868
3.03016 2.68194
4.03791 2.67419
5.03791 2.72845
6.03791 2.75946
7.04567 2.79822
8.06117 2.77496
9.06117 2.86798
10.0612 2.85248
11.0612 2.87574
12.0767 2.90674
13.0677 2.96415
14.0755 2.98741
15.0987 2.9409
16.1142 2.99516
17.1065 3.01842
18.1142 3.01842
19.1065 3.04167
20.122 3.08819
21.1375 3.07268
22.1298 3.12695
23.1375 3.11144
24.1298 3.1502
25.1342 3.18342
26.1419 3.17567
27.1419 3.22994
28.1574 3.23769
29.1419 3.2687
30.1729 3.2997
31.1807 3.32296
32.1729 3.35397
33.1729 3.36172
34.1884 3.37722
35.1962 3.39273
36.2039 3.41598
37.1949 3.40555
38.2104 3.43656
39.2337 3.49082
40.2027 3.48307
41.2337 3.48307
42.2414 3.51408
43.2414 3.53733
44.2337 3.54508
45.257 3.56059
46.257 3.59935
47.2802 3.6071
48.2725 3.65361
49.2589 3.65813
50.2899 3.68138
51.2899 3.70464
52.2822 3.7589
53.2977 3.76666
54.3132 3.78991
55.3054 3.83642
56.3132 3.84417
57.3364 3.84417
58.3132 3.89069
59.3132 3.90619
60.3442 3.94495
61.3297 3.94664
62.5075 4.09139
63.3292 3.97511
64.3602 4.02162
65.3602 4.02938
66.3602 4.06814
67.3679 4.11465
68.3834 4.1224
69.3679 4.13015
70.3757 4.19217
71.3834 4.23093
72.4144 4.24643
73.3989 4.26969
74.4101 4.30177
75.4116 4.30845
76.4194 4.3317
77.4194 4.37046
78.4039 4.40922
79.4349 4.44023
80.4426 4.45573
81.4504 4.51
82.4581 4.51
83.4581 4.51775
84.4504 4.541
85.4736 4.61077
86.4736 4.60302
87.4737 4.64178
88.4815 4.66504
89.4737 4.68054
90.497 4.72705
91.5203 4.76581
92.5125 4.76581
93.5203 4.80457
94.5125 4.82007
95.5125 4.85883
96.5125 4.97511
97.5203 5.01387
98.5203 5.02162
99.5455 5.05263
100.553 5.09914
101.545 5.1069
102.576 5.11465
103.6 5.16116
104.592 5.21542
105.584 5.20767
106.584 5.25418
107.584 5.24643
108.615 5.28519
109.592 5.30845
110.615 5.36271
111.608 5.37046
112.616 5.38597
113.616 5.41697
114.616 5.44798
115.624 5.47899
116.632 5.51
117.639 5.53325
118.655 5.56426


-------------------------------------------------------


1 particle in the emulsion layer 

data example 2

 x    y

3.01 2.66
4.02 2.67
5.01 2.72
6.01 2.75
7.01 2.79
8.01 2.76
9.01 2.84
10.01 2.82
11.01 2.86
12.01 2.89
13.01 2.92
14.01 2.96
15.01 2.95
16.01 2.98
17.01 2.99
18.01 3.01
19.01 3.04
20.01 3.06
21.01 3.04
22 3.13
23.01 3.1
24.01 3.13
25.01 3.17
26.01 3.18
27.01 3.2
28.01 3.23
29.01 3.25
30.01 3.27
31.01 3.31
32.02 3.34
33.01 3.33
34.01 3.35
35.01 3.36
36.01 3.39
37.02 3.4
38.01 3.43
39.02 3.45
40.01 3.46
41 3.47
42.01 3.51
43 3.51
44.01 3.52
45.01 3.55
46.02 3.59
47.01 3.6
48.01 3.63
49.01 3.65
50.01 3.67
51.02 3.7
52.01 3.74
53.01 3.75
54.01 3.79
55.01 3.79
56.0088 3.82365
57.0076 3.82365
58.0178 3.8577
59.0166 3.8804
60.0154 3.91445
61.0142 3.9485
62.013 3.9712
63.0119 3.9712
64.022 3.98255
65.0208 4.0166
66.0075 4.04065
67.0176 4.0747
68.0051 4.0974
69.0153 4.1428
70.0141 4.1655
71.0242 4.21091
72.023 4.22226
73.0105 4.24496
74.0093 4.27901
75.0195 4.30171
76.0175 4.31306
77.0163 4.33576
78.0037 4.38116
79.0025 4.38116
80.0241 4.42656
81.0229 4.47196
82.0103 4.49466
83.0432 4.48331
84.008 4.52871
85.0068 4.57411
86.0102 4.57411
87.009 4.60816
88.0191 4.65356
89.018 4.65356
90.0054 4.68761
91.0156 4.73301
92.0144 4.74436
93.0132 4.77841
94.012 4.81246
95.0222 4.84651
96.0061 4.94866
97.0163 4.97136
98.0151 5.00542
99.0139 5.01677
100.013 5.03947
101.023 5.07352
102.01 5.09622
103.021 5.14162
104.019 5.18702
105.007 5.18702
106.017 5.23107
107.016 5.24242
108.026 5.25377
109.025 5.28917
110.024 5.33457
111.023 5.34592
112.022 5.36862
113.021 5.41402
114.019 5.42537
115.018 5.45942
116.025 5.46942
117.012 5.51482
118.011 5.52617





-----------------------------------------------------------------
Particles in the emulsion bricks

16-03-2023

TkSeg_1811

       SX	      SY  
  -0.05557	  0.11487 
  -0.05557	  0.11487 
  -0.07645	  0.13315 
  -0.05860	  0.12170 
  -0.06072	  0.12552 
  -0.05742	  0.12449 
  -0.05924	  0.12439 
  -0.05663	  0.11980 
  -0.04566	  0.11324 
  -0.05943	  0.12123 
  -0.05561	  0.12510 
  -0.05703	  0.12594 
  -0.05582	  0.12562 
  -0.05388	  0.11492 
  -0.05160	  0.12329 
  -0.04865	  0.12778 
  -0.05393	  0.12423 
  -0.05538	  0.12634 
  -0.05716	  0.13496 
  -0.05318	  0.12748 
  -0.05657	  0.13684 
  -0.04898	  0.12297 
  -0.05150	  0.12254 
  -0.05165	  0.11884 
  -0.05404	  0.11813 
  -0.05507	  0.12389 
  -0.05052	  0.11855 
  -0.05515	  0.11705 
  -0.04638	  0.11752 
  -0.05185	  0.12795 
  -0.05478	  0.11793 
  -0.05301	  0.11690 
  -0.05230	  0.12118 
  -0.05465	  0.12781 
  -0.05496	  0.12528 
  -0.05217	  0.12234 
  -0.05451	  0.13744 
  -0.05389	  0.12420 
  -0.04370	  0.14918 


TkSeg_794

     SX 	     SY
  -0.06698	  0.13073
  -0.06698	  0.13073
  -0.07362	  0.10353
  -0.06592	  0.13997
  -0.06476	  0.14021
  -0.06573	  0.13878
  -0.06264	  0.14112
  -0.06465	  0.14370
  -0.06682	  0.14219
  -0.06229	  0.13995
  -0.06534	  0.14171
  -0.06223	  0.14031
  -0.08251	  0.17141
  -0.06081	  0.13878
  -0.04990	  0.13813
  -0.05321	  0.13275
  -0.05885	  0.13648
  -0.06168	  0.13858
  -0.06125	  0.14969
  -0.05309	  0.13610
  -0.05351	  0.13706
  -0.05126	  0.13877
  -0.05333	  0.14674
  -0.05451	  0.13744
  -0.05389	  0.12420
  -0.04370	  0.14918


Track - 16-03-2023

  TrackID    SX	   SY
0	0.14839	-0.07447
1	0.16137	-0.06777
2	0.17077	-0.06508
3	0.16864	-0.07024
4	0.16310	-0.05969
5	0.17235	-0.07380
6	0.16216	-0.07682
7	0.16481	-0.06962
8	0.16663	-0.07840
9	0.15825	-0.06786
10	0.16075	-0.06687
11	0.15968	-0.07112
12	0.17032	-0.07583
13	0.16525	-0.06283
14	0.16059	-0.06847
15	0.17153	-0.06905
16	0.16097	-0.06875
17	0.16417	-0.06701
18	0.15522	-0.06540
19	0.15862	-0.06840
20	0.15934	-0.07285
21	0.16023	-0.07686
22	0.15928	-0.07518
23	0.14994	-0.07408
24	0.14346	-0.07515
25	0.14803	-0.07554
26	0.13864	-0.06919
27	0.14678	-0.07723
28	0.14072	-0.07481
29	0.15065	-0.06968
30	0.14243	-0.06684
31	0.14057	-0.07050
32	0.14453	-0.07721
33	0.13847	-0.07688
34	0.13943	-0.07985
35	0.14110	-0.07609
36	0.13950	-0.07830
37	0.13658	-0.07512


  -----------------------------


   Other Track -  16-03-2023
  

    SX         	 SY	
 -0.09173	 0.11556
 -0.07600	 0.11276
 -0.07494	 0.11250
 -0.07229	 0.11338
 -0.07467	 0.11361
 -0.07525	 0.11143
 -0.07405	 0.10989
 -0.07541	 0.11213
 -0.07702	 0.11213
 -0.07715	 0.11256
 -0.07942	 0.10085
 -0.07470	 0.11188
 -0.07473	 0.11182
 -0.07064	 0.11357
 -0.07553	 0.11593
 -0.07386	 0.11017
 -0.06504	 0.11384
 -0.07545	 0.11616
 -0.07514	 0.12234
 -0.07356	 0.09129
 -0.07409	 0.11071
 -0.07302	 0.10803
 -0.07295	 0.11099
 -0.06619	 0.10570
 -0.07111	 0.09518
 -0.07402	 0.11161
 -0.07336	 0.11304
 -0.07045	 0.11031
 -0.07238	 0.10824
 -0.07561	 0.11533
 -0.07187	 0.10867
 -0.07116	 0.10894


-------------------------------

    SX	          SY
-0.09173	0.11556
-0.07600	0.11276
-0.07494	0.11250
-0.07229	0.11338
-0.07467	0.11361
-0.07525	0.11143
-0.07405	0.10989
-0.07541	0.11213
-0.07702	0.11213
-0.07715	0.11256
-0.07942	0.10085
-0.07470	0.11188
-0.07473	0.11182
-0.07064	0.11357
-0.07553	0.11593
-0.07386	0.11017
-0.06504	0.11384
-0.07545	0.11616
-0.07514	0.12234
-0.07356	0.09129
-0.07409	0.11071
-0.07302	0.10803
-0.07295	0.11099
-0.07106	0.10957
-0.06243	0.10643
-0.07227	0.11405
-0.07238	0.10824
-0.07561	0.11533
-0.07187	0.10867
-0.07116	0.10894

-------------------------------
     SX      SY        
    0.05185 -0.00286
    0.06295  0.01043	    
    0.06880  0.00661	    
    0.07380  0.00745	    
    0.06605  0.00220	    
    0.06793  0.00378	    
    0.06094  0.00386	    
    0.05687  0.00748	    
    0.06078 0.00079   
    0.06104 0.00351   
    0.05859 0.00416   
    0.05440 0.00580   
    0.06403 0.00519   
    0.06421 -0.00271  
    0.06601 0.00745   
    0.04891 0.01957   
    0.06807 0.01010   
    0.06893 0.01190   
    0.06689 0.01204   
    0.06242 0.01350 
    0.06350 0.00871   
    0.06598 -0.00133  
    0.07066 -0.01044  
    0.07315 0.00046   
    0.07406 0.00281   
    0.06631 0.00048   
    0.06206 -0.00539  
    0.06358 -0.01834  
    0.06380 -0.00272  
    0.06142 -0.00274  
    0.05540 -0.00841  
    0.05765 -0.00979  
    0.05373 -0.01515  
    0.05568 -0.01038  
    0.05917 -0.02826  
    0.04787 -0.01351  
    0.04348 -0.00907  
    0.04520 -0.01302  
    0.04127 -0.01258  
    0.03750 -0.00463  
    0.03900 -0.01278  
    0.04050 -0.00353  
    0.04060 -0.00244  
    0.04184 -0.01019  
    0.04697 -0.01297  
    0.04655 -0.00709  
    0.05126 -0.00975  
    0.05465 -0.01462  
    0.05318 -0.01302  
    0.05985 -0.00544  
    0.04738 -0.02364  
    0.05023 -0.01407  
    0.04739 -0.01066  






  -----------------------------
star1

centr  122631.6  96156.2   264.8
1) 122597.8   96154.8  271.1
2) 122648.9  96171.6  289.6
3) 122613.3  96177.6  280.8
4) 122643.3  96176.6  282.8


star2

centr  114515.1	  92020.7   245.3
1) 114492.1	92011.1    238.7
2) 114508.5	92010.2    240.0
3) 114532.2	92000.2    270.6
4) 114561.6	92032.6    273.1



star3

centr  102978.9 	81023.3		257.3 
1)	102972.6	81048.1		257.0
2)	102950.4	81067.9		263.3
3)	102974.1	81023.6		276.9
4) 	102947.6 	81017.7		267.8
5) 	102974.3 	81026.4 	263.5




star4

centr   99686.2		81770.5		250.2
1)	99653.0 	81781.6 	236.6
2) 	99694.3 	81795.0	 	259.1
3)	99706.5 	81770.8 	267.3
4) 	99701.0 	81745.1 	262.1
5) 	99687.5 	81744.4 	260.9
6) 	99682.1 	81771.7 	246.0


star5

centr 96331.6 85012.1 250.6
1) 96301.1 85008.1 249.1
2) 96336.7 84998.6 249.1
3) 96362.3 85056.7 249.1
4) 96317.3 84998.7 268.1
5) 96349.5 85013.7 268.1


star6
centr 91627.5 84886.0 497.7
1) 91608.4 84912.3 494.1
2) 91613.2 84908.6 502.1
3) 91628.5 84908.7 482.4
4) 91633.2 84900.0 515.5
5) 91646.4 84879.3 511.3


star7 

centr 92654.2 84275.7 508.8
1) 92647.2 84276.0 502.7
2) 92632.5 84292.3 509.5
3) 92655.6 84281.6 513.4
4) 92665.0 84273.0 504.3
5) 92664.5 84265.5 518.1



star8

centr 91932.7 88878.4 509.9
1) 91911.1 88855.3 509.1
2) 91900.9 88871.8 509.1
3) 91929.8 88903.0 509.1
4) 91961.5 88860.5 509.1
5) 91940.5 88872.0 519.9


star9

center 108595.3   89575.8   523.3
1) 108568.0  89563.7    524.2
2) 108591.0  89565.4  532.2
3) 108570.4	89579.6		532.0
4) 108574.5	89601.3		505.7
5) 108596.3	89585.4		531.5

star10


centr   -26729.7 -24407.2  27.1
1) -26745.9   -24396.1  12.8
2) -26761.0  -24424.2  4.9
3) -26709.9  -24416.2  23.9 

star11

centr  -6441.3  -9225.0  -1.7
1) -6461.0  -9240.4  -5.6
2) -6462.5 -9238.2 -12.2
3) -6472.8 -9225.0 -0.7
4) -6425.9 -9192.8 2.8


star12

centr  -24495.7 -14358.3 -0.7
1) -24463.2 -14342.8 5.1
2) -24506.3 -14344.1 5.1
3) -24491.2 -14354.5 5.3
4) -24510.9 -14368.6 -11.7
5) -24515.0 -14383.6 -5.3

star13

centr  -18988.2 -10929.3 2.5
1) -18976.6 -10932.9 2.1
2) -18952.2 -10889.0 2.0
3) -18985.2 -10903.9 4.8
4) -19001.9 -10924.5 -18.1
5) -19020.2 -10927.8 -8.6

star14

centr  -22181.6 -13667.1 0.3
1) -22140.9 -13633.0 -14.9
2) -22175.2 -13639.6 -12.9
3) -22156.2 -13676.2 -0.7
4) -22195.2 -13685.9 6.9
5) -22209.9 -13687.6 -2.2

star15

centr 14498.9 12541.8 269.4
1) 14463.5 12541.0 270.9 
2) 14513.8 12561.1 265.3
3) 14529.8 12533.8 270.8
4) 14484.4 12531.7 261.8

star16

centr 12133.4 18312.3 234.4
1) 12107.1 18311.0 234.4
2) 12117.6 18298.4 223.8
3) 12115.9 18322.5 223.8
4) 12120.6 18323.0 244.3
5) 12125.8 18336.7 248.3

star17

centr 6515.9   -3178.1   245.4
1) 6514.8  -3178.5  248.7
2) 6514.0  -3177.7  249.1
3) 6516.5  -3175.9  244.7
4) 6517.5   -3177.3  249.1
5) 6516.7   -3180.6  238.4
6) 6515.7   -3177.9   -3177.9
7) 6516.3  -3178.2   249.8

star18

center 6192.1 -3180.1  237.3
1) 6188.9  -3182.4  231.0
2) 6191.1 -3178.9 250.4
3) 6192.3  -3178.1 222.0
4) 6192.4  -3180.2 235.9
5) 6191.8  -3180.1 240.6

star19

centr 2564.7 1210.6  -32.9
1) 2561.5 1209.8 -35.2
2) 2563.7 1210.8 -37.9
3) 2562.5 1211.9 -21.9 
4) 2562.3 1212.9 -33.9
5) 2567.5 1209.9 -25.9

star20

centr 2757.8 735.3 -15.2
1) 2758.0 735.1 -12.8
2) 2758.6 731.8 -36.9
3) 2757.6 732.6 -19.9
4) 2757.2 732.1 -23.1
5) 2754.7 733.9 -16.8


star21

centr 92689.4 78184.4 220.9
1) 92700.2 78169.4 237.7 
2) 92705.7 78157.7 239.0
3) 92695.4 78200.6 215.2
4) 92690.6 78195.6 215.8
5) 92686.3 78187.8 220.1
6) 92690.9 78179.6 251.4

star22

centr 95703.8 78435.3 218.6
1) 95697.7 78408.6 221.5
2) 95682.5 78454.0 221.4
3) 95709.2 78461.4 221.9
4) 95704.6 78441.8 235.8

star23

centr 92717.6 80786.2 226.7
1) 92732.5 80781.2 232.1
2) 92732.2 80771.3 252.2
3) 92738.5 80770.5 224.6
4) 92710.4 80785.8 224.6
5) 92721.2 80791.0 220.7
6) 92717.4 80784.4 232.4

star24

centr 13606.0 -3472.2 -34.3
1) 13624.2 -3462.0 -38.7
2) 13619.9 -3450.8 -26.3
3) 13603.5 -3483.4 -12.4
4) 13585.2 -3464.8 -22.3
5) 13589.6 -3449.5 -38.2

star25

----------------------------------

alpha-particles



point1  92696.5     77038.6      521.7
point2  92704.8     77051.4      530.5



point1  96349.5     85013.7      268.1
point2  96460.3     84982.0      241.4



point1  82062.2     86690.1      519.1
point2  82063.4     86678.9      509.8



point1  85738.3	    67582.1      249.7
point2  85726.7    67592.0       238.7


point1  114668.3	92136.5		245.9
point2  114667.3	92117.4		255.0



point1  114314.3      91823.0   247.9
point2  114314.5      91841.3   257.9


point1  99672.6 	81734.5 	520.3
point2  99679.5 	81728.1 	523.0


point1  99577.7		81616.8		513.5
point2  99562.5		81617.1		527.4


point1 6153.9	-2700.4	217.7
point2 6152.1	-2701.5	223.4


point1 6165.9	-2612.5	222.9
point2 6164.9	-2614.7	214.5


point1 86948.9  75077.6  224.6
point2 86940.0  75067.0  216.4


point1 86912.6 74979.4 220.3
point2 86921.9 74988.2 216.4